# Time [s]  |  Cold Flow Frac  |  Efficiency  |  TsepCold [K]  |  TsepHot [K]
0.000705  9.4643223683e-02  -8.1055840698e-01  -4.9362478200e+01  -6.1725075133e+00
0.000706  9.3881276898e-02  -7.9655984831e-01  -4.8885577720e+01  -6.2410292788e+00
0.000707  9.3132556012e-02  -7.8268544916e-01  -4.8404994645e+01  -6.3076703052e+00
0.000708  9.2396495280e-02  -7.6893633048e-01  -4.7920793052e+01  -6.3712996184e+00
0.000709  9.1673450024e-02  -7.5531090998e-01  -4.7432952063e+01  -6.4315602927e+00
0.00071  9.0963876033e-02  -7.4180486574e-01  -4.6941327147e+01  -6.4884120824e+00
0.000711  9.0268873919e-02  -7.2840918268e-01  -4.6445593023e+01  -6.5423112952e+00
0.000712  8.9587288061e-02  -7.1514439890e-01  -4.5946648250e+01  -6.5940001056e+00
0.000713  8.8917120162e-02  -7.0203833565e-01  -4.5445781500e+01  -6.6448545266e+00
0.000714  8.8258636717e-02  -6.8910475579e-01  -4.4943718512e+01  -6.6965651956e+00
0.000715  8.7611285963e-02  -6.7634197314e-01  -4.4440546670e+01  -6.7507935867e+00
0.000716  8.6974863907e-02  -6.6374807621e-01  -4.3936296594e+01  -6.8088192267e+00
0.000717  8.6351453284e-02  -6.5131509075e-01  -4.3430778837e+01  -6.8714624254e+00
0.000718  8.5739320540e-02  -6.3903961222e-01  -4.2924022266e+01  -6.9395494018e+00
0.000719  8.5137920710e-02  -6.2693047598e-01  -4.2416574083e+01  -7.0129998394e+00
0.00072  8.4549519177e-02  -6.1498464147e-01  -4.1908483731e+01  -7.0916534568e+00
0.000721  8.3974745032e-02  -6.0319711696e-01  -4.1399660976e+01  -7.1747932734e+00
0.000722  8.3414217145e-02  -5.9158024938e-01  -4.0890817267e+01  -7.2609570507e+00
0.000723  8.2868936523e-02  -5.8015358800e-01  -4.0383079090e+01  -7.3486955805e+00
0.000724  8.2338987796e-02  -5.6893787633e-01  -3.9877701416e+01  -7.4364156852e+00
0.000725  8.1824325914e-02  -5.5795079644e-01  -3.9375832767e+01  -7.5224344840e+00
0.000726  8.1325623839e-02  -5.4719286097e-01  -3.8877803438e+01  -7.6053602500e+00
0.000727  8.0844275064e-02  -5.3667767240e-01  -3.8384618148e+01  -7.6838143879e+00
0.000728  8.0379293610e-02  -5.2641652426e-01  -3.7897221566e+01  -7.7572008507e+00
0.000729  7.9929427733e-02  -5.1641397510e-01  -3.7416212398e+01  -7.8253836426e+00
0.00073  7.9494622207e-02  -5.0664864459e-01  -3.6940886749e+01  -7.8891823169e+00
0.000731  7.9075519999e-02  -4.9709167582e-01  -3.6470026719e+01  -7.9491457938e+00
0.000732  7.8672745666e-02  -4.8771130507e-01  -3.6002197010e+01  -8.0054822280e+00
0.000733  7.8286932635e-02  -4.7848231622e-01  -3.5536269346e+01  -8.0589221454e+00
0.000734  7.7916529395e-02  -4.6940786325e-01  -3.5072627101e+01  -8.1099917700e+00
0.000735  7.7559200271e-02  -4.6049838160e-01  -3.4612098672e+01  -8.1593996013e+00
0.000736  7.7213391750e-02  -4.5175363400e-01  -3.4154897329e+01  -8.2082828114e+00
0.000737  7.6878772917e-02  -4.4315926960e-01  -3.3700438630e+01  -8.2578890537e+00
0.000738  7.6554973918e-02  -4.3469827458e-01  -3.3247895192e+01  -8.3092111348e+00
0.000739  7.6242199630e-02  -4.2636245259e-01  -3.2796943727e+01  -8.3631279029e+00
0.00074  7.5940814381e-02  -4.1815766805e-01  -3.2348125913e+01  -8.4204721048e+00
0.000741  7.5650900401e-02  -4.1008545305e-01  -3.1901692352e+01  -8.4812499427e+00
0.000742  7.5372258451e-02  -4.0214330176e-01  -3.1457660211e+01  -8.5450281902e+00
0.000743  7.5105260797e-02  -3.9432423974e-01  -3.1015755456e+01  -8.6111956598e+00
0.000744  7.4850907243e-02  -3.8661570959e-01  -3.0575367681e+01  -8.6787342278e+00
0.000745  7.4611055030e-02  -3.7901527520e-01  -3.0136455325e+01  -8.7468451673e+00
0.000746  7.4386172996e-02  -3.7154375268e-01  -2.9700514484e+01  -8.8151860327e+00
0.000747  7.4175478710e-02  -3.6421210290e-01  -2.9268402416e+01  -8.8832084154e+00
0.000748  7.3978294438e-02  -3.5701782819e-01  -2.8840134980e+01  -8.9503754132e+00
0.000749  7.3794853995e-02  -3.4995286550e-01  -2.8415392528e+01  -9.0161219458e+00
0.00075  7.3625400076e-02  -3.4301472953e-01  -2.7994163154e+01  -9.0797341138e+00
0.000751  7.3469653516e-02  -3.3620412824e-01  -2.7576663831e+01  -9.1406600778e+00
0.000752  7.3327909113e-02  -3.2951799681e-01  -2.7162863699e+01  -9.1985303262e+00
0.000753  7.3200039814e-02  -3.2295251513e-01  -2.6752650286e+01  -9.2535452715e+00
0.000754  7.3086165823e-02  -3.1650045095e-01  -2.6345679725e+01  -9.3059640871e+00
0.000755  7.2987579747e-02  -3.1014706388e-01  -2.5941103177e+01  -9.3566386954e+00
0.000756  7.2904693693e-02  -3.0390280501e-01  -2.5539765604e+01  -9.4063247975e+00
0.000757  7.2836595091e-02  -2.9777663497e-01  -2.5142459812e+01  -9.4556116381e+00
0.000758  7.2783490828e-02  -2.9177474297e-01  -2.4749806136e+01  -9.5049157687e+00
0.000759  7.2745417801e-02  -2.8590064474e-01  -2.4362239761e+01  -9.5549535651e+00
0.00076  7.2721634647e-02  -2.8014919439e-01  -2.3979580592e+01  -9.6054548285e+00
0.000761  7.2712524645e-02  -2.7451358348e-01  -2.3601514127e+01  -9.6564424113e+00
0.000762  7.2718637059e-02  -2.6899508185e-01  -2.3228316724e+01  -9.7080407620e+00
0.000763  7.2737691567e-02  -2.6360374079e-01  -2.2860863674e+01  -9.7595241415e+00
0.000764  7.2770096453e-02  -2.5833215947e-01  -2.2498802851e+01  -9.8108680702e+00
0.000765  7.2817551748e-02  -2.5316680392e-01  -2.2141304611e+01  -9.8619990436e+00
0.000766  7.2879540336e-02  -2.4810568447e-01  -2.1788326149e+01  -9.9124742859e+00
0.000767  7.2956606677e-02  -2.4314955072e-01  -2.1440085989e+01  -9.9623538383e+00
0.000768  7.3050079220e-02  -2.3829901678e-01  -2.1096795252e+01  -1.0011732039e+01
0.000769  7.3157548692e-02  -2.3356118585e-01  -2.0759128712e+01  -1.0060240994e+01
0.00077  7.3277593053e-02  -2.2894321663e-01  -2.0427780054e+01  -1.0107439759e+01
0.000771  7.3410980795e-02  -2.2443513523e-01  -2.0102150516e+01  -1.0153446125e+01
0.000772  7.3556339011e-02  -2.2003478192e-01  -1.9782193714e+01  -1.0197513597e+01
0.000773  7.3713537137e-02  -2.1573769481e-01  -1.9467707634e+01  -1.0239554189e+01
0.000774  7.3882729881e-02  -2.1153992502e-01  -1.9158514644e+01  -1.0279549478e+01
0.000775  7.4062434658e-02  -2.0744356519e-01  -1.8854876465e+01  -1.0316944661e+01
0.000776  7.4254186047e-02  -2.0343889665e-01  -1.8556174559e+01  -1.0352643675e+01
0.000777  7.4459206336e-02  -1.9952522581e-01  -1.8262475833e+01  -1.0386911876e+01
0.000778  7.4674431267e-02  -1.9571275321e-01  -1.7974697868e+01  -1.0419580816e+01
0.000779  7.4898179965e-02  -1.9200653548e-01  -1.7693378842e+01  -1.0450807761e+01
0.00078  7.5132038122e-02  -1.8839917507e-01  -1.7418083021e+01  -1.0481536990e+01
0.000781  7.5373418932e-02  -1.8489147478e-01  -1.7148980441e+01  -1.0511474237e+01
0.000782  7.5620247957e-02  -1.8147871961e-01  -1.6885802011e+01  -1.0540773462e+01
0.000783  7.5874186333e-02  -1.7815354865e-01  -1.6628069638e+01  -1.0569799854e+01
0.000784  7.6134042061e-02  -1.7491868988e-01  -1.6376104716e+01  -1.0598412355e+01
0.000785  7.6399161884e-02  -1.7177131703e-01  -1.6129775643e+01  -1.0626667131e+01
0.000786  7.6671826867e-02  -1.6870155545e-01  -1.5888364571e+01  -1.0655066437e+01
0.000787  7.6950972643e-02  -1.6570768305e-01  -1.5651803473e+01  -1.0683339412e+01
0.000788  7.7236034256e-02  -1.6279264365e-01  -1.5420422851e+01  -1.0711330112e+01
0.000789  7.7529310387e-02  -1.5995658824e-01  -1.5194344499e+01  -1.0739088241e+01
0.00079  7.7829182971e-02  -1.5720668496e-01  -1.4974265527e+01  -1.0765838822e+01
0.000791  7.8134222162e-02  -1.5454269311e-01  -1.4760250760e+01  -1.0790757425e+01
0.000792  7.8447093230e-02  -1.5195503863e-01  -1.4551575892e+01  -1.0813459224e+01
0.000793  7.8766687724e-02  -1.4943875570e-01  -1.4347879074e+01  -1.0832976027e+01
0.000794  7.9091696530e-02  -1.4700026236e-01  -1.4149776461e+01  -1.0848539088e+01
0.000795  7.9424951908e-02  -1.4463383690e-01  -1.3956872185e+01  -1.0860605799e+01
0.000796  7.9765608217e-02  -1.4234337563e-01  -1.3769569647e+01  -1.0869186736e+01
0.000797  8.0111759723e-02  -1.4013048887e-01  -1.3588072744e+01  -1.0874246767e+01
0.000798  8.0466629358e-02  -1.3798929459e-01  -1.3411951345e+01  -1.0876745265e+01
0.000799  8.0829970567e-02  -1.3591933294e-01  -1.3241235887e+01  -1.0877157794e+01
0.0008  8.1199266550e-02  -1.3392688215e-01  -1.3076536201e+01  -1.0875580942e+01
0.000801  8.1577625855e-02  -1.3200721993e-01  -1.2917524496e+01  -1.0873014421e+01
0.000802  8.1964882161e-02  -1.3016200731e-01  -1.2764414047e+01  -1.0869871104e+01
0.000803  8.2357894545e-02  -1.2839687004e-01  -1.2617754742e+01  -1.0865898215e+01
0.000804  8.2760022034e-02  -1.2670462122e-01  -1.2476986133e+01  -1.0861894733e+01
